0.0 0.0 0.0 0.0 3.0 0.0 1.0 1.0 4.0 3.1 1.0 2912.0 0.0 1.0 4.0 0.0 1.0 6.0 8.0 4.0 7.0 1.0 1.0 2.0 1.0 2.0 3.0 7.0 1.0 7.0 1.0 12.0 1.0 1.0 2.0 2.0 1.0 1.0 6.0 7.0 0.0 7.0 1.0 2.0 9.0 50.0 41.0 
0.0 1.0 0.0 0.0 62.0 0.0 1.0 1.0 1.0 0.0 0.0 0.0 1.0 1.0 0.0 1.0 0.0 0.0 0.0 1.0 1.0 1.0 0.0 1.0 1.0 1.0 1.0 0.0 1.0 0.0 1.0 0.0 0.0 1.0 0.0 0.0 1.0 1.0 0.0 0.0 0.0 0.0 1.0 1.0 1.0 0.0 0.0 0.0 1.0 1.0 1.0 0.0 0.0 0.0 0.0 0.0 0.0 0.0 0.0 0.0 1.0 1.0 0.0 1.0 0.0 1.0 1.0 0.184 15.0 8.0 15.0 4.0 8.0 5.0 2.0 5.0 3.0 3.0 2.0 9.0 9.0 1.0 1.0 4.0 0.0 1.0 5.0 1.0 2.0 1.0 0.0 2.0 6.0 1.0 7.0 4.0 1.0 5.0 2.0 1.0 0.0 0.0 5.0 0.0 0.0 1.0 2.0 0.0 0.0 1.0 1.0 4.0 6.0 1.0 2.0 1.0 5.0 0.0 3.0 1.0 0.0 1.0 2.0 1.0 1.0 0.0 7.0 1.0 2.0 1.0 1.0 0.0 0.0 1.0 4.0 0.0 1.0 4.0 1.0 1.0 0.0 1.0 0.0 4.0 1.0 0.0 3.0 7.0 1.0 1.0 1.0 2.0 0.0 1.0 2.0 0.0 1.0 1.0 0.0 4.0 4.0 1.0 3.0 4.0 1.0 
0.0 0.0 0.0 1.0 3.0 0.0 1.0 0.0 0.5 0.3 1.0 1814.0 0.0 1.0 9.0 2.0 4.0 3.0 0.0 5.0 10.0 0.0 2.0 0.0 0.0 4.0 10.0 1.0 0.0 0.0 5.0 0.0 3.0 1.0 11.0 1.0 4.0 0.0 3.0 3.0 4.0 3.0 8.0 3.0 58.0 19.0 23.0 
0.0 0.0 0.0 0.0 3.0 1.0 1.0 1.0 4.0 3.1 1.0 2912.0 5.0 6.0 1.0 1.0 1.0 0.0 4.0 3.0 8.0 1.0 2.0 0.0 4.0 1.0 1.0 1.0 2.0 2.0 4.0 4.0 16.0 0.0 8.0 3.0 1.0 6.0 0.0 1.0 5.0 6.0 1.0 2.0 40.0 32.0 28.0 
0.0 1.0 0.0 0.0 3.0 1.0 0.0 1.0 0.5 0.3 1.0 1814.0 0.0 5.0 2.0 7.0 2.0 0.0 6.0 7.0 12.0 5.0 3.0 2.0 1.0 8.0 3.0 0.0 0.0 1.0 6.0 0.0 1.0 0.0 0.0 5.0 0.0 1.0 2.0 3.0 1.0 6.0 3.0 8.0 48.0 28.0 24.0 
0.0 1.0 0.0 0.0 3.0 0.0 1.0 1.0 0.5 0.3 1.0 1814.0 0.0 1.0 3.0 8.0 3.0 2.0 6.0 9.0 4.0 1.0 5.0 0.0 0.0 3.0 0.0 1.0 1.0 1.0 5.0 7.0 8.0 1.0 3.0 1.0 1.0 5.0 2.0 2.0 0.0 6.0 9.0 2.0 3.0 80.0 17.0 
0.0 1.0 0.0 0.0 62.0 0.0 0.0 0.0 1.0 1.0 0.0 1.0 1.0 1.0 0.0 0.0 0.0 0.0 1.0 0.0 1.0 1.0 1.0 1.0 0.0 1.0 0.0 0.0 1.0 1.0 1.0 1.0 0.0 0.0 0.0 0.0 1.0 0.0 0.0 1.0 0.0 0.0 1.0 0.0 0.0 0.0 1.0 1.0 1.0 1.0 0.0 0.0 0.0 0.0 1.0 0.0 0.0 0.0 1.0 1.0 0.0 0.0 1.0 0.0 0.0 1.0 1.0 0.184 15.0 8.0 15.0 4.0 2.0 7.0 1.0 2.0 1.0 1.0 0.0 5.0 3.0 6.0 3.0 4.0 1.0 9.0 10.0 2.0 0.0 3.0 1.0 5.0 1.0 0.0 1.0 1.0 1.0 4.0 3.0 7.0 1.0 10.0 1.0 1.0 3.0 2.0 2.0 1.0 2.0 1.0 0.0 2.0 1.0 1.0 0.0 1.0 1.0 6.0 0.0 1.0 0.0 1.0 4.0 3.0 2.0 0.0 4.0 1.0 1.0 1.0 1.0 4.0 3.0 2.0 4.0 3.0 0.0 2.0 2.0 0.0 0.0 1.0 1.0 0.0 1.0 0.0 0.0 1.0 5.0 1.0 1.0 7.0 1.0 2.0 1.0 0.0 5.0 2.0 1.0 2.0 0.0 2.0 0.0 2.0 1.0 
0.0 0.0 1.0 0.0 3.0 1.0 0.0 1.0 4.0 3.1 1.0 2912.0 4.0 0.0 3.0 4.0 4.0 0.0 9.0 1.0 3.0 5.0 1.0 0.0 16.0 1.0 2.0 2.0 5.0 0.0 3.0 3.0 0.0 1.0 2.0 2.0 1.0 2.0 11.0 8.0 1.0 3.0 1.0 2.0 13.0 14.0 73.0 
0.0 1.0 0.0 0.0 3.0 1.0 0.0 0.0 0.5 0.3 1.0 1814.0 3.0 6.0 1.0 5.0 1.0 3.0 6.0 0.0 0.0 4.0 5.0 13.0 4.0 1.0 4.0 2.0 0.0 10.0 0.0 3.0 3.0 3.0 1.0 0.0 2.0 10.0 1.0 0.0 0.0 5.0 0.0 4.0 54.0 27.0 19.0 
0.0 1.0 0.0 0.0 3.0 0.0 0.0 0.0 4.0 3.1 1.0 2912.0 2.0 7.0 4.0 1.0 0.0 5.0 6.0 3.0 2.0 0.0 1.0 1.0 6.0 4.0 10.0 1.0 7.0 5.0 2.0 1.0 1.0 2.0 1.0 7.0 1.0 2.0 1.0 5.0 2.0 1.0 5.0 4.0 72.0 16.0 12.0 
0.0 0.0 1.0 0.0 3.0 1.0 1.0 0.0 4.0 3.1 1.0 2912.0 0.0 1.0 1.0 1.0 1.0 3.0 2.0 1.0 7.0 1.0 0.0 10.0 4.0 6.0 11.0 2.0 2.0 0.0 6.0 6.0 0.0 2.0 0.0 4.0 0.0 7.0 9.0 1.0 4.0 4.0 1.0 3.0 0.0 82.0 18.0 
0.0 0.0 1.0 0.0 3.0 0.0 1.0 1.0 4.0 3.1 1.0 2912.0 3.0 2.0 2.0 0.0 3.0 2.0 4.0 1.0 3.0 0.0 2.0 2.0 5.0 2.0 4.0 7.0 2.0 2.0 2.0 5.0 3.0 4.0 5.0 4.0 6.0 1.0 3.0 5.0 3.0 8.0 3.0 2.0 17.0 70.0 13.0 
1.0 0.0 0.0 0.0 3.0 0.0 1.0 0.0 0.5 0.3 1.0 1814.0 2.0 0.0 1.0 4.0 3.0 5.0 5.0 5.0 1.0 6.0 4.0 0.0 3.0 4.0 2.0 1.0 7.0 2.0 0.0 1.0 1.0 3.0 12.0 11.0 1.0 1.0 1.0 3.0 4.0 3.0 1.0 3.0 54.0 39.0 7.0 
1.0 0.0 0.0 0.0 3.0 1.0 0.0 1.0 4.0 3.1 1.0 2912.0 4.0 0.0 0.0 0.0 8.0 2.0 2.0 4.0 5.0 5.0 0.0 4.0 1.0 4.0 3.0 1.0 2.0 6.0 10.0 11.0 1.0 3.0 3.0 0.0 1.0 3.0 2.0 1.0 2.0 2.0 4.0 6.0 31.0 26.0 43.0 
0.0 0.0 1.0 0.0 3.0 0.0 0.0 1.0 4.0 3.1 1.0 2912.0 5.0 2.0 6.0 1.0 7.0 7.0 4.0 1.0 0.0 4.0 5.0 2.0 7.0 2.0 0.0 2.0 1.0 0.0 2.0 1.0 2.0 4.0 1.0 6.0 2.0 3.0 2.0 1.0 5.0 2.0 7.0 6.0 20.0 45.0 35.0 
1.0 0.0 0.0 0.0 62.0 1.0 1.0 1.0 1.0 0.0 1.0 1.0 0.0 0.0 1.0 0.0 0.0 1.0 1.0 0.0 1.0 0.0 1.0 0.0 1.0 0.0 0.0 1.0 1.0 1.0 0.0 1.0 1.0 0.0 0.0 1.0 1.0 0.0 1.0 1.0 1.0 1.0 0.0 1.0 0.0 1.0 0.0 0.0 0.0 1.0 0.0 1.0 1.0 0.0 0.0 1.0 0.0 1.0 0.0 1.0 1.0 0.0 1.0 1.0 0.0 0.0 1.0 0.184 15.0 8.0 15.0 4.0 8.0 2.0 1.0 0.0 4.0 1.0 0.0 2.0 0.0 5.0 1.0 3.0 0.0 6.0 1.0 3.0 7.0 9.0 2.0 5.0 0.0 2.0 3.0 3.0 10.0 1.0 7.0 0.0 3.0 6.0 1.0 1.0 0.0 1.0 5.0 0.0 4.0 5.0 1.0 1.0 4.0 0.0 1.0 1.0 0.0 5.0 0.0 1.0 1.0 1.0 0.0 2.0 0.0 2.0 1.0 0.0 1.0 0.0 1.0 1.0 0.0 2.0 1.0 0.0 1.0 2.0 0.0 2.0 4.0 0.0 0.0 5.0 4.0 0.0 0.0 2.0 1.0 0.0 4.0 3.0 1.0 2.0 3.0 0.0 2.0 6.0 1.0 4.0 2.0 1.0 1.0 3.0 3.0 
0.0 0.0 0.0 0.0 3.0 1.0 0.0 0.0 4.0 3.1 1.0 2912.0 10.0 2.0 2.0 4.0 6.0 1.0 0.0 6.0 2.0 0.0 7.0 5.0 11.0 1.0 7.0 2.0 6.0 0.0 2.0 3.0 1.0 0.0 2.0 6.0 0.0 1.0 3.0 1.0 2.0 3.0 3.0 1.0 36.0 12.0 52.0 
0.0 0.0 0.0 1.0 3.0 0.0 0.0 1.0 4.0 3.1 1.0 2912.0 1.0 2.0 0.0 1.0 1.0 0.0 3.0 1.0 2.0 1.0 2.0 6.0 4.0 18.0 8.0 1.0 7.0 2.0 0.0 8.0 3.0 5.0 0.0 5.0 2.0 1.0 6.0 2.0 1.0 1.0 3.0 3.0 78.0 13.0 9.0 
1.0 0.0 0.0 0.0 3.0 0.0 0.0 0.0 4.0 3.1 1.0 2912.0 0.0 4.0 2.0 2.0 5.0 8.0 1.0 1.0 2.0 2.0 10.0 4.0 5.0 0.0 1.0 2.0 8.0 0.0 3.0 3.0 1.0 2.0 1.0 3.0 2.0 1.0 5.0 5.0 2.0 2.0 3.0 10.0 2.0 43.0 55.0 
1.0 0.0 0.0 0.0 62.0 0.0 1.0 1.0 1.0 0.0 1.0 0.0 1.0 0.0 1.0 1.0 1.0 0.0 0.0 1.0 0.0 1.0 1.0 1.0 1.0 0.0 0.0 0.0 0.0 0.0 0.0 1.0 1.0 0.0 0.0 0.0 1.0 1.0 0.0 0.0 0.0 0.0 0.0 0.0 1.0 0.0 1.0 0.0 0.0 0.0 0.0 0.0 1.0 1.0 0.0 0.0 1.0 0.0 1.0 0.0 0.0 1.0 0.0 1.0 0.0 0.0 0.0 0.184 15.0 8.0 15.0 1.0 10.0 1.0 0.0 7.0 0.0 4.0 1.0 6.0 1.0 12.0 0.0 8.0 0.0 1.0 7.0 2.0 1.0 0.0 5.0 5.0 1.0 1.0 2.0 4.0 6.0 4.0 1.0 1.0 4.0 2.0 2.0 2.0 2.0 1.0 1.0 0.0 1.0 1.0 1.0 3.0 0.0 2.0 2.0 1.0 1.0 0.0 3.0 5.0 1.0 2.0 1.0 2.0 0.0 1.0 1.0 2.0 1.0 0.0 5.0 1.0 3.0 2.0 0.0 1.0 1.0 2.0 2.0 2.0 1.0 0.0 2.0 1.0 3.0 0.0 0.0 4.0 2.0 4.0 0.0 2.0 1.0 5.0 0.0 0.0 4.0 2.0 2.0 3.0 1.0 4.0 2.0 0.0 1.0 
0.0 0.0 1.0 0.0 3.0 0.0 1.0 1.0 0.5 0.3 1.0 1814.0 0.0 2.0 2.0 2.0 7.0 2.0 3.0 3.0 7.0 4.0 1.0 1.0 4.0 11.0 3.0 2.0 1.0 1.0 4.0 7.0 2.0 8.0 3.0 0.0 1.0 0.0 0.0 8.0 3.0 1.0 1.0 6.0 49.0 23.0 28.0 
0.0 0.0 1.0 0.0 3.0 0.0 0.0 1.0 0.5 0.3 1.0 1814.0 0.0 0.0 9.0 1.0 11.0 0.0 3.0 4.0 0.0 2.0 1.0 4.0 3.0 2.0 4.0 20.0 0.0 1.0 0.0 0.0 2.0 2.0 1.0 0.0 7.0 3.0 0.0 3.0 2.0 6.0 3.0 6.0 92.0 1.0 7.0 
0.0 0.0 0.0 1.0 3.0 0.0 1.0 1.0 4.0 3.1 1.0 2912.0 8.0 9.0 2.0 1.0 4.0 1.0 1.0 0.0 1.0 6.0 2.0 3.0 1.0 3.0 0.0 0.0 8.0 4.0 1.0 3.0 0.0 5.0 0.0 2.0 5.0 3.0 5.0 3.0 3.0 2.0 13.0 1.0 3.0 16.0 81.0 
0.0 0.0 1.0 0.0 3.0 0.0 1.0 1.0 0.5 0.3 1.0 1814.0 1.0 4.0 3.0 2.0 1.0 1.0 4.0 0.0 0.0 2.0 3.0 3.0 0.0 5.0 1.0 6.0 3.0 0.0 1.0 5.0 6.0 6.0 1.0 0.0 3.0 6.0 10.0 5.0 0.0 9.0 1.0 8.0 1.0 10.0 89.0 
0.0 1.0 0.0 0.0 3.0 1.0 0.0 1.0 0.5 0.3 1.0 1814.0 0.0 7.0 1.0 0.0 9.0 3.0 1.0 1.0 4.0 1.0 4.0 9.0 2.0 0.0 3.0 1.0 0.0 2.0 5.0 4.0 2.0 2.0 8.0 7.0 0.0 7.0 1.0 4.0 3.0 0.0 1.0 8.0 50.0 6.0 44.0 
0.0 1.0 0.0 0.0 62.0 1.0 1.0 1.0 0.0 0.0 1.0 1.0 1.0 0.0 1.0 1.0 1.0 1.0 1.0 1.0 0.0 1.0 0.0 1.0 0.0 0.0 1.0 1.0 1.0 0.0 1.0 1.0 0.0 0.0 0.0 1.0 0.0 1.0 1.0 1.0 1.0 0.0 1.0 1.0 0.0 1.0 0.0 1.0 0.0 1.0 0.0 1.0 0.0 1.0 0.0 0.0 0.0 1.0 1.0 1.0 1.0 1.0 1.0 1.0 1.0 0.0 1.0 0.184 15.0 8.0 15.0 9.0 0.0 6.0 0.0 2.0 3.0 9.0 2.0 6.0 2.0 2.0 3.0 5.0 2.0 0.0 3.0 1.0 5.0 0.0 3.0 3.0 0.0 2.0 1.0 3.0 1.0 10.0 0.0 1.0 2.0 13.0 1.0 2.0 4.0 2.0 1.0 1.0 5.0 2.0 0.0 1.0 1.0 1.0 0.0 1.0 1.0 1.0 0.0 2.0 1.0 1.0 1.0 0.0 0.0 5.0 0.0 2.0 2.0 0.0 0.0 3.0 0.0 0.0 1.0 4.0 0.0 1.0 1.0 2.0 1.0 6.0 0.0 1.0 0.0 1.0 1.0 0.0 1.0 1.0 1.0 1.0 2.0 2.0 2.0 3.0 0.0 4.0 1.0 3.0 9.0 0.0 3.0 0.0 8.0 
0.0 0.0 0.0 1.0 62.0 0.0 1.0 0.0 0.0 0.0 1.0 0.0 0.0 1.0 1.0 0.0 0.0 0.0 0.0 1.0 0.0 0.0 1.0 0.0 0.0 1.0 0.0 0.0 1.0 0.0 0.0 0.0 1.0 0.0 0.0 0.0 1.0 1.0 0.0 1.0 0.0 0.0 1.0 0.0 1.0 0.0 0.0 1.0 0.0 1.0 0.0 0.0 1.0 0.0 0.0 1.0 1.0 0.0 1.0 1.0 1.0 1.0 0.0 1.0 0.0 0.0 1.0 0.184 15.0 8.0 15.0 3.0 2.0 1.0 3.0 0.0 4.0 3.0 1.0 0.0 3.0 2.0 0.0 2.0 1.0 4.0 5.0 1.0 3.0 7.0 1.0 8.0 15.0 0.0 0.0 2.0 2.0 7.0 0.0 1.0 2.0 13.0 4.0 2.0 3.0 0.0 1.0 1.0 0.0 5.0 1.0 1.0 3.0 2.0 8.0 1.0 0.0 2.0 1.0 0.0 1.0 1.0 0.0 1.0 3.0 2.0 1.0 0.0 2.0 3.0 0.0 0.0 2.0 3.0 5.0 6.0 1.0 1.0 0.0 1.0 0.0 1.0 1.0 0.0 1.0 2.0 0.0 3.0 5.0 2.0 0.0 1.0 6.0 6.0 0.0 0.0 1.0 0.0 1.0 0.0 1.0 1.0 1.0 1.0 2.0 
0.0 1.0 0.0 0.0 3.0 0.0 1.0 0.0 4.0 3.1 1.0 2912.0 0.0 7.0 2.0 1.0 0.0 0.0 1.0 1.0 3.0 1.0 8.0 4.0 10.0 6.0 3.0 7.0 7.0 0.0 1.0 3.0 5.0 2.0 1.0 12.0 1.0 0.0 0.0 2.0 1.0 3.0 4.0 4.0 18.0 60.0 22.0 
1.0 0.0 0.0 0.0 3.0 0.0 0.0 1.0 4.0 3.1 1.0 2912.0 3.0 1.0 2.0 5.0 1.0 0.0 1.0 3.0 8.0 2.0 6.0 1.0 10.0 16.0 5.0 1.0 2.0 2.0 0.0 7.0 1.0 3.0 6.0 1.0 2.0 3.0 1.0 1.0 2.0 0.0 2.0 2.0 1.0 67.0 32.0 
0.0 0.0 0.0 1.0 3.0 1.0 1.0 0.0 0.5 0.3 1.0 1814.0 0.0 3.0 3.0 6.0 1.0 9.0 0.0 0.0 1.0 6.0 4.0 1.0 6.0 5.0 6.0 1.0 3.0 7.0 3.0 9.0 0.0 7.0 3.0 1.0 4.0 2.0 1.0 0.0 7.0 0.0 0.0 1.0 29.0 27.0 44.0 
0.0 1.0 0.0 0.0 62.0 0.0 1.0 1.0 1.0 1.0 1.0 0.0 1.0 1.0 0.0 0.0 1.0 0.0 0.0 1.0 0.0 1.0 0.0 1.0 1.0 1.0 0.0 0.0 0.0 1.0 0.0 0.0 0.0 1.0 1.0 0.0 0.0 0.0 0.0 1.0 0.0 0.0 0.0 0.0 0.0 0.0 1.0 0.0 1.0 1.0 1.0 0.0 0.0 0.0 0.0 1.0 0.0 0.0 0.0 0.0 1.0 1.0 1.0 1.0 1.0 0.0 1.0 0.184 15.0 8.0 15.0 0.0 0.0 5.0 3.0 3.0 5.0 6.0 1.0 0.0 3.0 2.0 3.0 2.0 4.0 3.0 0.0 4.0 4.0 5.0 0.0 2.0 3.0 0.0 3.0 2.0 0.0 10.0 3.0 0.0 6.0 7.0 11.0 2.0 0.0 1.0 4.0 0.0 5.0 1.0 0.0 3.0 2.0 0.0 2.0 1.0 0.0 3.0 7.0 3.0 7.0 1.0 1.0 2.0 1.0 3.0 0.0 2.0 0.0 0.0 1.0 0.0 0.0 4.0 1.0 1.0 1.0 2.0 0.0 2.0 1.0 1.0 3.0 3.0 1.0 1.0 1.0 0.0 2.0 0.0 2.0 3.0 2.0 0.0 0.0 1.0 1.0 5.0 3.0 1.0 2.0 0.0 2.0 1.0 1.0 
0.0 0.0 1.0 0.0 3.0 1.0 0.0 0.0 0.5 0.3 1.0 1814.0 1.0 4.0 0.0 4.0 4.0 5.0 0.0 8.0 0.0 6.0 4.0 1.0 4.0 4.0 1.0 3.0 5.0 0.0 2.0 5.0 3.0 1.0 3.0 15.0 0.0 5.0 3.0 1.0 2.0 0.0 3.0 3.0 28.0 62.0 10.0 
0.0 1.0 0.0 0.0 3.0 0.0 0.0 1.0 0.5 0.3 1.0 1814.0 1.0 2.0 0.0 3.0 1.0 0.0 4.0 1.0 6.0 2.0 3.0 15.0 4.0 0.0 5.0 3.0 1.0 5.0 1.0 1.0 3.0 3.0 0.0 3.0 7.0 4.0 0.0 1.0 2.0 2.0 9.0 8.0 6.0 90.0 4.0 
0.0 0.0 1.0 0.0 3.0 1.0 0.0 0.0 4.0 3.1 1.0 2912.0 4.0 3.0 2.0 7.0 2.0 9.0 4.0 0.0 1.0 1.0 2.0 2.0 1.0 6.0 5.0 2.0 0.0 0.0 1.0 2.0 9.0 7.0 1.0 5.0 1.0 1.0 3.0 7.0 2.0 7.0 2.0 1.0 8.0 23.0 69.0 
1.0 0.0 0.0 0.0 3.0 1.0 0.0 1.0 4.0 3.1 1.0 2912.0 0.0 1.0 2.0 2.0 4.0 4.0 1.0 1.0 7.0 1.0 3.0 7.0 4.0 4.0 1.0 7.0 6.0 7.0 2.0 2.0 3.0 5.0 1.0 1.0 2.0 3.0 1.0 2.0 4.0 5.0 0.0 7.0 57.0 10.0 33.0 
0.0 0.0 0.0 1.0 3.0 1.0 1.0 0.0 0.5 0.3 1.0 1814.0 5.0 0.0 15.0 0.0 8.0 1.0 1.0 4.0 2.0 1.0 1.0 2.0 2.0 3.0 8.0 3.0 1.0 6.0 1.0 0.0 4.0 3.0 2.0 4.0 0.0 1.0 1.0 3.0 12.0 0.0 4.0 2.0 42.0 12.0 46.0 
0.0 0.0 0.0 0.0 3.0 1.0 0.0 1.0 4.0 3.1 1.0 2912.0 0.0 5.0 2.0 0.0 6.0 9.0 5.0 7.0 2.0 5.0 0.0 6.0 4.0 4.0 4.0 5.0 2.0 1.0 1.0 2.0 1.0 11.0 4.0 1.0 0.0 3.0 1.0 0.0 2.0 5.0 0.0 2.0 41.0 10.0 49.0 
0.0 0.0 0.0 0.0 62.0 1.0 0.0 1.0 1.0 0.0 1.0 1.0 1.0 0.0 1.0 0.0 1.0 1.0 1.0 1.0 1.0 1.0 1.0 0.0 0.0 1.0 1.0 1.0 1.0 0.0 0.0 0.0 0.0 0.0 1.0 1.0 0.0 1.0 0.0 0.0 1.0 1.0 0.0 1.0 1.0 1.0 1.0 1.0 1.0 1.0 1.0 1.0 1.0 0.0 0.0 0.0 1.0 1.0 0.0 0.0 1.0 0.0 0.0 1.0 1.0 0.0 1.0 0.184 15.0 8.0 15.0 2.0 4.0 1.0 9.0 2.0 2.0 0.0 9.0 5.0 4.0 7.0 2.0 4.0 5.0 0.0 5.0 1.0 0.0 1.0 1.0 6.0 4.0 0.0 1.0 1.0 4.0 3.0 1.0 3.0 7.0 1.0 5.0 0.0 1.0 1.0 0.0 1.0 3.0 0.0 1.0 3.0 0.0 1.0 0.0 1.0 0.0 1.0 2.0 6.0 1.0 0.0 1.0 1.0 1.0 3.0 1.0 2.0 2.0 1.0 1.0 3.0 4.0 1.0 3.0 1.0 1.0 4.0 4.0 2.0 0.0 1.0 3.0 1.0 1.0 7.0 1.0 1.0 3.0 1.0 2.0 6.0 1.0 2.0 0.0 1.0 0.0 1.0 1.0 0.0 2.0 2.0 1.0 2.0 2.0 
0.0 1.0 0.0 0.0 3.0 0.0 1.0 1.0 4.0 3.1 1.0 2912.0 0.0 4.0 11.0 3.0 3.0 1.0 1.0 0.0 4.0 2.0 6.0 3.0 3.0 5.0 2.0 1.0 1.0 0.0 4.0 10.0 0.0 4.0 3.0 5.0 2.0 2.0 3.0 3.0 9.0 0.0 4.0 1.0 5.0 66.0 29.0 
1.0 0.0 0.0 0.0 3.0 1.0 1.0 1.0 0.5 0.3 1.0 1814.0 0.0 3.0 5.0 3.0 1.0 1.0 1.0 0.0 2.0 1.0 2.0 1.0 4.0 2.0 21.0 7.0 2.0 3.0 4.0 2.0 2.0 4.0 2.0 1.0 2.0 1.0 1.0 2.0 2.0 8.0 0.0 10.0 11.0 40.0 49.0 
1.0 0.0 0.0 0.0 3.0 1.0 0.0 0.0 4.0 3.1 1.0 2912.0 2.0 8.0 0.0 2.0 1.0 10.0 1.0 4.0 17.0 2.0 4.0 2.0 2.0 2.0 4.0 2.0 2.0 1.0 2.0 2.0 1.0 2.0 4.0 5.0 2.0 1.0 0.0 2.0 1.0 0.0 10.0 2.0 31.0 11.0 58.0 
0.0 1.0 0.0 0.0 3.0 0.0 1.0 1.0 0.5 0.3 1.0 1814.0 0.0 1.0 1.0 4.0 1.0 0.0 0.0 13.0 1.0 5.0 1.0 2.0 5.0 2.0 3.0 2.0 1.0 1.0 8.0 0.0 6.0 1.0 2.0 6.0 1.0 8.0 4.0 11.0 6.0 3.0 0.0 1.0 40.0 16.0 44.0 
1.0 0.0 0.0 0.0 62.0 0.0 1.0 0.0 0.0 0.0 1.0 1.0 0.0 1.0 0.0 0.0 0.0 0.0 0.0 1.0 1.0 0.0 0.0 0.0 0.0 0.0 0.0 0.0 0.0 1.0 1.0 0.0 0.0 1.0 1.0 0.0 0.0 0.0 1.0 1.0 0.0 1.0 0.0 0.0 1.0 0.0 0.0 0.0 1.0 0.0 0.0 0.0 0.0 1.0 1.0 1.0 0.0 0.0 1.0 0.0 0.0 0.0 0.0 1.0 0.0 1.0 0.0 0.184 15.0 8.0 15.0 3.0 2.0 1.0 15.0 2.0 1.0 7.0 9.0 0.0 3.0 1.0 1.0 2.0 4.0 1.0 6.0 2.0 2.0 3.0 2.0 5.0 1.0 0.0 5.0 1.0 3.0 1.0 2.0 1.0 11.0 1.0 2.0 0.0 1.0 0.0 2.0 2.0 3.0 1.0 1.0 3.0 0.0 1.0 1.0 0.0 1.0 1.0 5.0 1.0 3.0 0.0 2.0 7.0 0.0 6.0 3.0 0.0 2.0 2.0 1.0 1.0 0.0 2.0 2.0 1.0 2.0 0.0 8.0 2.0 2.0 0.0 1.0 3.0 1.0 0.0 1.0 1.0 4.0 0.0 0.0 1.0 2.0 3.0 1.0 1.0 3.0 0.0 0.0 3.0 1.0 1.0 1.0 2.0 1.0 
0.0 0.0 1.0 0.0 62.0 0.0 0.0 0.0 0.0 1.0 1.0 0.0 1.0 0.0 1.0 1.0 0.0 0.0 1.0 1.0 0.0 1.0 1.0 1.0 1.0 1.0 0.0 0.0 1.0 0.0 0.0 0.0 1.0 1.0 0.0 0.0 0.0 1.0 0.0 1.0 0.0 0.0 1.0 1.0 0.0 0.0 0.0 0.0 0.0 0.0 0.0 0.0 0.0 0.0 0.0 1.0 0.0 0.0 0.0 0.0 0.0 1.0 0.0 0.0 1.0 0.0 0.0 0.184 15.0 8.0 15.0 7.0 0.0 2.0 2.0 1.0 3.0 7.0 6.0 5.0 3.0 1.0 0.0 2.0 1.0 6.0 3.0 4.0 3.0 0.0 4.0 8.0 3.0 3.0 3.0 6.0 1.0 0.0 0.0 4.0 2.0 5.0 5.0 0.0 4.0 3.0 1.0 2.0 0.0 2.0 1.0 1.0 0.0 0.0 0.0 8.0 2.0 1.0 2.0 2.0 3.0 5.0 2.0 2.0 0.0 0.0 2.0 7.0 2.0 2.0 0.0 1.0 2.0 3.0 1.0 5.0 1.0 1.0 0.0 2.0 0.0 2.0 1.0 2.0 1.0 0.0 0.0 4.0 0.0 1.0 1.0 0.0 0.0 1.0 1.0 0.0 3.0 1.0 3.0 3.0 1.0 2.0 0.0 2.0 1.0 
0.0 0.0 1.0 0.0 62.0 0.0 1.0 0.0 0.0 1.0 0.0 0.0 1.0 1.0 0.0 1.0 1.0 0.0 1.0 0.0 0.0 0.0 0.0 1.0 0.0 1.0 1.0 0.0 0.0 0.0 0.0 0.0 1.0 1.0 1.0 0.0 0.0 0.0 1.0 0.0 0.0 1.0 0.0 1.0 0.0 0.0 1.0 0.0 1.0 0.0 1.0 0.0 0.0 0.0 0.0 0.0 0.0 0.0 0.0 1.0 1.0 1.0 1.0 1.0 0.0 1.0 1.0 0.184 15.0 8.0 15.0 3.0 1.0 0.0 4.0 1.0 6.0 2.0 2.0 4.0 3.0 2.0 6.0 4.0 1.0 2.0 14.0 0.0 3.0 1.0 2.0 5.0 0.0 1.0 1.0 0.0 3.0 2.0 14.0 1.0 6.0 1.0 5.0 0.0 1.0 5.0 2.0 2.0 0.0 0.0 2.0 1.0 1.0 3.0 4.0 0.0 1.0 0.0 3.0 1.0 1.0 2.0 3.0 0.0 3.0 1.0 1.0 0.0 0.0 2.0 2.0 2.0 2.0 1.0 4.0 1.0 0.0 1.0 1.0 3.0 3.0 0.0 2.0 2.0 1.0 1.0 2.0 2.0 4.0 0.0 2.0 1.0 2.0 0.0 6.0 2.0 0.0 5.0 1.0 1.0 1.0 1.0 1.0 2.0 2.0 
0.0 0.0 0.0 0.0 3.0 0.0 1.0 1.0 4.0 3.1 1.0 2912.0 1.0 5.0 3.0 1.0 4.0 2.0 1.0 7.0 4.0 2.0 6.0 4.0 5.0 1.0 0.0 5.0 0.0 2.0 2.0 2.0 3.0 2.0 1.0 10.0 1.0 6.0 2.0 1.0 0.0 7.0 6.0 4.0 71.0 2.0 27.0 
0.0 1.0 0.0 0.0 62.0 0.0 0.0 0.0 1.0 1.0 0.0 1.0 0.0 0.0 0.0 0.0 0.0 0.0 1.0 0.0 0.0 0.0 1.0 0.0 1.0 0.0 0.0 0.0 1.0 0.0 0.0 0.0 0.0 0.0 0.0 0.0 1.0 1.0 0.0 0.0 0.0 0.0 1.0 1.0 0.0 0.0 0.0 0.0 1.0 0.0 1.0 0.0 1.0 1.0 1.0 1.0 1.0 0.0 0.0 0.0 0.0 1.0 0.0 0.0 0.0 1.0 1.0 0.184 15.0 8.0 15.0 2.0 0.0 4.0 3.0 0.0 8.0 1.0 6.0 6.0 4.0 0.0 8.0 1.0 0.0 1.0 1.0 1.0 3.0 2.0 1.0 2.0 2.0 6.0 2.0 1.0 1.0 7.0 8.0 12.0 3.0 0.0 4.0 2.0 1.0 5.0 2.0 1.0 0.0 2.0 1.0 3.0 2.0 1.0 0.0 1.0 4.0 3.0 0.0 2.0 0.0 3.0 0.0 1.0 1.0 1.0 0.0 2.0 3.0 5.0 1.0 1.0 0.0 2.0 0.0 1.0 4.0 3.0 2.0 1.0 1.0 0.0 2.0 1.0 1.0 4.0 0.0 3.0 0.0 1.0 3.0 1.0 8.0 0.0 0.0 0.0 2.0 2.0 1.0 1.0 2.0 4.0 0.0 1.0 1.0 
0.0 1.0 0.0 0.0 3.0 0.0 1.0 0.0 4.0 3.1 1.0 2912.0 7.0 6.0 3.0 5.0 3.0 3.0 3.0 1.0 1.0 0.0 1.0 1.0 1.0 7.0 1.0 0.0 0.0 1.0 8.0 3.0 3.0 8.0 0.0 1.0 12.0 5.0 1.0 2.0 1.0 5.0 0.0 7.0 83.0 9.0 8.0 
0.0 0.0 0.0 1.0 3.0 1.0 0.0 0.0 0.5 0.3 1.0 1814.0 2.0 0.0 3.0 1.0 2.0 2.0 3.0 3.0 1.0 0.0 14.0 2.0 6.0 4.0 7.0 4.0 5.0 2.0 4.0 0.0 3.0 3.0 0.0 7.0 7.0 4.0 2.0 1.0 5.0 1.0 0.0 2.0 5.0 25.0 70.0 
0.0 0.0 0.0 0.0 3.0 1.0 0.0 0.0 0.5 0.3 1.0 1814.0 1.0 0.0 5.0 7.0 0.0 4.0 0.0 2.0 4.0 5.0 4.0 3.0 4.0 6.0 2.0 1.0 1.0 5.0 0.0 5.0 2.0 2.0 2.0 2.0 7.0 1.0 2.0 1.0 12.0 2.0 7.0 1.0 5.0 19.0 76.0 
0.0 0.0 0.0 0.0 3.0 1.0 1.0 0.0 0.5 0.3 1.0 1814.0 0.0 0.0 5.0 5.0 5.0 6.0 3.0 5.0 0.0 1.0 5.0 1.0 6.0 1.0 1.0 8.0 1.0 6.0 3.0 3.0 0.0 1.0 0.0 7.0 5.0 10.0 0.0 4.0 0.0 2.0 0.0 6.0 16.0 60.0 24.0 
0.0 0.0 1.0 0.0 3.0 0.0 1.0 0.0 4.0 3.1 1.0 2912.0 0.0 7.0 1.0 5.0 2.0 1.0 5.0 2.0 0.0 2.0 0.0 2.0 0.0 7.0 2.0 4.0 0.0 1.0 1.0 0.0 1.0 1.0 10.0 3.0 0.0 5.0 19.0 4.0 4.0 9.0 1.0 1.0 38.0 42.0 20.0 
0.0 0.0 1.0 0.0 62.0 0.0 1.0 1.0 0.0 0.0 0.0 1.0 0.0 1.0 0.0 1.0 0.0 0.0 0.0 1.0 1.0 1.0 1.0 0.0 0.0 1.0 0.0 0.0 0.0 0.0 1.0 0.0 1.0 1.0 1.0 0.0 1.0 1.0 1.0 1.0 0.0 0.0 1.0 0.0 0.0 0.0 0.0 1.0 0.0 1.0 0.0 0.0 1.0 0.0 1.0 0.0 0.0 0.0 1.0 1.0 1.0 1.0 1.0 1.0 1.0 1.0 1.0 0.184 15.0 8.0 15.0 1.0 1.0 6.0 4.0 5.0 6.0 13.0 2.0 4.0 8.0 2.0 0.0 1.0 2.0 1.0 7.0 0.0 6.0 0.0 3.0 1.0 3.0 0.0 7.0 3.0 1.0 3.0 2.0 5.0 0.0 1.0 2.0 0.0 0.0 1.0 1.0 0.0 1.0 2.0 1.0 0.0 2.0 5.0 0.0 1.0 4.0 0.0 0.0 2.0 1.0 0.0 3.0 2.0 0.0 5.0 4.0 1.0 2.0 0.0 1.0 3.0 5.0 0.0 1.0 0.0 1.0 4.0 1.0 2.0 0.0 1.0 3.0 0.0 2.0 1.0 1.0 0.0 3.0 3.0 1.0 0.0 1.0 3.0 0.0 2.0 10.0 0.0 3.0 4.0 1.0 1.0 1.0 1.0 2.0 
0.0 1.0 0.0 0.0 3.0 1.0 1.0 1.0 4.0 3.1 1.0 2912.0 0.0 2.0 2.0 3.0 1.0 5.0 3.0 2.0 1.0 3.0 2.0 1.0 6.0 3.0 0.0 0.0 0.0 13.0 5.0 1.0 0.0 9.0 13.0 1.0 9.0 2.0 2.0 6.0 1.0 1.0 1.0 2.0 17.0 36.0 47.0 
0.0 0.0 1.0 0.0 3.0 1.0 0.0 0.0 0.5 0.3 1.0 1814.0 1.0 1.0 2.0 5.0 3.0 3.0 4.0 2.0 11.0 0.0 1.0 6.0 4.0 5.0 2.0 3.0 1.0 1.0 1.0 2.0 0.0 4.0 8.0 0.0 2.0 13.0 2.0 3.0 4.0 1.0 1.0 4.0 55.0 16.0 29.0 
1.0 0.0 0.0 0.0 3.0 0.0 0.0 1.0 4.0 3.1 1.0 2912.0 0.0 4.0 3.0 11.0 1.0 3.0 3.0 4.0 1.0 2.0 9.0 3.0 1.0 0.0 3.0 6.0 2.0 4.0 5.0 1.0 1.0 0.0 4.0 0.0 3.0 4.0 10.0 1.0 7.0 1.0 1.0 2.0 37.0 40.0 23.0 
0.0 0.0 0.0 0.0 3.0 0.0 1.0 1.0 4.0 3.1 1.0 2912.0 1.0 1.0 0.0 3.0 5.0 0.0 1.0 1.0 1.0 0.0 1.0 3.0 1.0 5.0 7.0 1.0 1.0 6.0 5.0 2.0 4.0 4.0 8.0 5.0 6.0 2.0 3.0 6.0 5.0 2.0 5.0 5.0 34.0 65.0 1.0 
0.0 0.0 0.0 1.0 3.0 1.0 1.0 1.0 4.0 3.1 1.0 2912.0 5.0 6.0 1.0 3.0 2.0 1.0 8.0 4.0 2.0 2.0 9.0 0.0 4.0 1.0 2.0 2.0 0.0 5.0 1.0 1.0 1.0 7.0 1.0 2.0 1.0 4.0 1.0 3.0 3.0 6.0 4.0 8.0 69.0 20.0 11.0 
0.0 0.0 1.0 0.0 3.0 1.0 0.0 1.0 0.5 0.3 1.0 1814.0 0.0 0.0 5.0 0.0 1.0 3.0 0.0 3.0 8.0 3.0 1.0 5.0 2.0 9.0 3.0 3.0 3.0 5.0 0.0 11.0 0.0 2.0 0.0 2.0 2.0 1.0 6.0 2.0 13.0 0.0 1.0 6.0 23.0 31.0 46.0 
0.0 0.0 1.0 0.0 3.0 1.0 1.0 1.0 0.5 0.3 1.0 1814.0 0.0 2.0 1.0 1.0 0.0 12.0 1.0 6.0 4.0 19.0 2.0 5.0 0.0 1.0 1.0 3.0 2.0 4.0 6.0 2.0 3.0 0.0 1.0 2.0 0.0 12.0 5.0 0.0 1.0 0.0 3.0 1.0 72.0 9.0 19.0 
0.0 0.0 0.0 0.0 62.0 0.0 1.0 1.0 0.0 1.0 1.0 0.0 1.0 0.0 0.0 1.0 1.0 0.0 1.0 0.0 0.0 1.0 1.0 1.0 0.0 0.0 0.0 0.0 0.0 0.0 1.0 1.0 0.0 0.0 1.0 0.0 1.0 0.0 1.0 1.0 0.0 1.0 0.0 0.0 0.0 0.0 0.0 0.0 0.0 1.0 0.0 0.0 0.0 1.0 1.0 0.0 1.0 0.0 1.0 1.0 0.0 0.0 0.0 0.0 1.0 0.0 0.0 0.184 15.0 8.0 15.0 0.0 1.0 4.0 0.0 2.0 7.0 2.0 1.0 4.0 1.0 0.0 1.0 3.0 1.0 12.0 0.0 1.0 4.0 1.0 1.0 7.0 2.0 7.0 1.0 6.0 6.0 1.0 3.0 10.0 5.0 2.0 4.0 4.0 1.0 1.0 0.0 0.0 1.0 1.0 2.0 0.0 0.0 1.0 2.0 0.0 3.0 0.0 3.0 1.0 2.0 2.0 2.0 1.0 0.0 1.0 6.0 0.0 2.0 4.0 2.0 1.0 1.0 1.0 3.0 0.0 1.0 1.0 1.0 1.0 1.0 7.0 3.0 7.0 2.0 1.0 2.0 4.0 3.0 1.0 0.0 1.0 1.0 3.0 1.0 2.0 0.0 4.0 0.0 1.0 2.0 1.0 0.0 0.0 1.0 
0.0 1.0 0.0 0.0 62.0 1.0 0.0 0.0 1.0 1.0 0.0 1.0 1.0 0.0 1.0 1.0 1.0 1.0 1.0 0.0 1.0 1.0 0.0 0.0 0.0 1.0 1.0 1.0 1.0 1.0 1.0 1.0 1.0 0.0 1.0 1.0 0.0 0.0 1.0 0.0 1.0 0.0 0.0 1.0 1.0 1.0 0.0 1.0 0.0 1.0 0.0 1.0 0.0 0.0 1.0 0.0 0.0 1.0 1.0 1.0 0.0 0.0 1.0 1.0 0.0 1.0 1.0 0.184 15.0 8.0 15.0 0.0 6.0 8.0 2.0 2.0 5.0 3.0 2.0 2.0 16.0 0.0 1.0 12.0 0.0 4.0 5.0 1.0 1.0 1.0 1.0 1.0 0.0 2.0 3.0 2.0 4.0 1.0 6.0 2.0 3.0 0.0 4.0 4.0 0.0 1.0 4.0 1.0 0.0 0.0 1.0 0.0 3.0 0.0 2.0 0.0 2.0 2.0 1.0 0.0 7.0 1.0 1.0 0.0 3.0 2.0 0.0 1.0 0.0 2.0 1.0 3.0 1.0 6.0 1.0 1.0 0.0 1.0 1.0 0.0 7.0 0.0 1.0 4.0 1.0 5.0 1.0 2.0 1.0 2.0 2.0 2.0 0.0 1.0 2.0 1.0 2.0 2.0 0.0 1.0 2.0 0.0 0.0 5.0 3.0 
0.0 1.0 0.0 0.0 3.0 0.0 1.0 1.0 4.0 3.1 1.0 2912.0 3.0 5.0 5.0 0.0 2.0 2.0 7.0 0.0 3.0 3.0 3.0 4.0 4.0 0.0 2.0 2.0 1.0 5.0 2.0 3.0 5.0 1.0 5.0 7.0 10.0 5.0 3.0 1.0 3.0 1.0 1.0 2.0 30.0 37.0 33.0 
0.0 0.0 0.0 1.0 3.0 1.0 0.0 1.0 4.0 3.1 1.0 2912.0 4.0 1.0 0.0 4.0 4.0 5.0 2.0 2.0 13.0 0.0 1.0 1.0 0.0 1.0 1.0 2.0 3.0 0.0 0.0 1.0 6.0 4.0 6.0 5.0 7.0 2.0 1.0 3.0 1.0 2.0 2.0 16.0 16.0 29.0 55.0 
0.0 0.0 0.0 1.0 3.0 1.0 0.0 0.0 0.5 0.3 1.0 1814.0 4.0 3.0 5.0 0.0 7.0 0.0 6.0 2.0 2.0 2.0 16.0 2.0 4.0 2.0 0.0 4.0 1.0 3.0 2.0 1.0 3.0 3.0 7.0 2.0 3.0 0.0 8.0 1.0 2.0 4.0 0.0 1.0 37.0 48.0 15.0 
1.0 0.0 0.0 0.0 3.0 1.0 0.0 0.0 4.0 3.1 1.0 2912.0 2.0 0.0 1.0 0.0 0.0 1.0 13.0 1.0 1.0 6.0 3.0 6.0 3.0 1.0 4.0 3.0 2.0 5.0 7.0 0.0 2.0 1.0 1.0 4.0 7.0 6.0 6.0 3.0 2.0 3.0 2.0 4.0 26.0 0.0 74.0 
1.0 0.0 0.0 0.0 62.0 1.0 0.0 1.0 1.0 1.0 0.0 1.0 1.0 1.0 1.0 0.0 0.0 1.0 0.0 0.0 1.0 0.0 0.0 1.0 0.0 1.0 1.0 1.0 0.0 1.0 0.0 1.0 0.0 1.0 0.0 1.0 1.0 0.0 1.0 1.0 1.0 1.0 1.0 1.0 0.0 1.0 0.0 0.0 0.0 0.0 0.0 1.0 1.0 0.0 1.0 1.0 1.0 1.0 1.0 0.0 0.0 1.0 1.0 0.0 0.0 0.0 1.0 0.184 15.0 8.0 15.0 2.0 1.0 0.0 0.0 6.0 12.0 3.0 4.0 0.0 5.0 3.0 6.0 9.0 1.0 1.0 4.0 6.0 0.0 3.0 1.0 1.0 1.0 0.0 4.0 2.0 9.0 0.0 1.0 4.0 6.0 2.0 3.0 2.0 1.0 4.0 0.0 2.0 4.0 0.0 1.0 2.0 0.0 1.0 3.0 4.0 1.0 0.0 2.0 0.0 2.0 2.0 3.0 0.0 2.0 7.0 1.0 6.0 1.0 1.0 2.0 1.0 1.0 0.0 3.0 1.0 1.0 4.0 0.0 0.0 8.0 0.0 1.0 1.0 0.0 2.0 1.0 0.0 0.0 1.0 0.0 2.0 0.0 3.0 2.0 1.0 0.0 0.0 1.0 3.0 1.0 2.0 5.0 0.0 1.0 
1.0 0.0 0.0 0.0 3.0 1.0 1.0 1.0 4.0 3.1 1.0 2912.0 0.0 5.0 4.0 1.0 4.0 0.0 2.0 2.0 4.0 1.0 2.0 1.0 8.0 1.0 10.0 12.0 0.0 0.0 4.0 10.0 1.0 2.0 6.0 4.0 1.0 1.0 1.0 1.0 0.0 1.0 8.0 3.0 10.0 53.0 37.0 
0.0 1.0 0.0 0.0 3.0 1.0 0.0 1.0 0.5 0.3 1.0 1814.0 4.0 1.0 1.0 0.0 2.0 4.0 11.0 9.0 4.0 1.0 2.0 1.0 2.0 4.0 1.0 2.0 14.0 5.0 2.0 0.0 0.0 6.0 6.0 1.0 1.0 1.0 0.0 2.0 1.0 3.0 3.0 6.0 28.0 9.0 63.0 
1.0 0.0 0.0 0.0 3.0 0.0 1.0 1.0 0.5 0.3 1.0 1814.0 0.0 0.0 1.0 1.0 1.0 9.0 3.0 6.0 1.0 1.0 8.0 5.0 10.0 1.0 1.0 1.0 3.0 1.0 0.0 1.0 14.0 1.0 4.0 2.0 1.0 1.0 2.0 6.0 1.0 0.0 1.0 13.0 21.0 75.0 4.0 
0.0 0.0 0.0 1.0 3.0 1.0 0.0 1.0 4.0 3.1 1.0 2912.0 7.0 7.0 1.0 3.0 6.0 2.0 3.0 1.0 4.0 4.0 2.0 0.0 1.0 1.0 0.0 0.0 1.0 5.0 1.0 3.0 5.0 2.0 4.0 0.0 9.0 6.0 2.0 0.0 5.0 10.0 3.0 2.0 96.0 2.0 2.0 
1.0 0.0 0.0 0.0 3.0 1.0 0.0 0.0 0.5 0.3 1.0 1814.0 0.0 7.0 12.0 0.0 10.0 0.0 1.0 2.0 2.0 2.0 2.0 2.0 2.0 6.0 5.0 8.0 2.0 5.0 0.0 4.0 3.0 6.0 4.0 4.0 0.0 2.0 0.0 1.0 0.0 3.0 1.0 4.0 34.0 52.0 14.0 
0.0 0.0 0.0 0.0 3.0 0.0 0.0 0.0 0.5 0.3 1.0 1814.0 4.0 3.0 2.0 4.0 6.0 0.0 3.0 1.0 2.0 7.0 0.0 1.0 3.0 2.0 5.0 1.0 7.0 3.0 9.0 2.0 2.0 1.0 10.0 2.0 5.0 3.0 1.0 4.0 1.0 0.0 3.0 3.0 14.0 24.0 62.0 
0.0 1.0 0.0 0.0 62.0 0.0 0.0 1.0 1.0 0.0 0.0 0.0 1.0 1.0 0.0 1.0 1.0 0.0 1.0 0.0 1.0 0.0 0.0 0.0 0.0 0.0 1.0 0.0 0.0 0.0 1.0 1.0 1.0 0.0 1.0 0.0 1.0 1.0 0.0 0.0 0.0 0.0 0.0 1.0 0.0 0.0 0.0 0.0 1.0 1.0 1.0 0.0 0.0 0.0 0.0 0.0 1.0 0.0 0.0 1.0 0.0 1.0 1.0 0.0 0.0 0.0 0.0 0.184 15.0 8.0 15.0 0.0 4.0 9.0 5.0 1.0 3.0 2.0 1.0 0.0 11.0 1.0 2.0 7.0 3.0 3.0 3.0 1.0 2.0 6.0 2.0 0.0 1.0 2.0 6.0 5.0 5.0 1.0 0.0 1.0 3.0 4.0 6.0 0.0 2.0 2.0 1.0 0.0 3.0 2.0 1.0 1.0 0.0 1.0 0.0 0.0 4.0 5.0 1.0 2.0 1.0 2.0 3.0 1.0 0.0 3.0 3.0 2.0 0.0 0.0 2.0 1.0 4.0 3.0 5.0 0.0 0.0 1.0 1.0 1.0 1.0 0.0 0.0 2.0 1.0 1.0 2.0 1.0 1.0 1.0 0.0 5.0 1.0 2.0 2.0 6.0 1.0 0.0 0.0 0.0 1.0 2.0 6.0 2.0 4.0 
0.0 0.0 1.0 0.0 62.0 1.0 1.0 0.0 1.0 1.0 0.0 1.0 1.0 1.0 1.0 1.0 1.0 1.0 0.0 0.0 1.0 1.0 1.0 0.0 1.0 0.0 1.0 1.0 1.0 0.0 1.0 1.0 1.0 0.0 1.0 1.0 1.0 0.0 0.0 1.0 1.0 0.0 1.0 0.0 0.0 1.0 0.0 0.0 1.0 1.0 1.0 1.0 1.0 1.0 1.0 1.0 0.0 1.0 0.0 1.0 0.0 1.0 1.0 1.0 0.0 1.0 0.0 0.184 15.0 8.0 15.0 0.0 2.0 2.0 3.0 0.0 4.0 3.0 0.0 2.0 5.0 8.0 4.0 3.0 1.0 8.0 0.0 1.0 7.0 16.0 5.0 3.0 8.0 3.0 1.0 3.0 1.0 1.0 0.0 1.0 1.0 2.0 2.0 1.0 5.0 1.0 1.0 4.0 0.0 2.0 0.0 1.0 2.0 0.0 1.0 2.0 2.0 10.0 4.0 0.0 1.0 0.0 5.0 5.0 2.0 3.0 3.0 0.0 0.0 4.0 0.0 0.0 1.0 1.0 1.0 1.0 0.0 0.0 1.0 0.0 1.0 1.0 1.0 2.0 5.0 4.0 1.0 2.0 1.0 0.0 2.0 2.0 0.0 0.0 1.0 2.0 3.0 1.0 0.0 1.0 1.0 1.0 0.0 3.0 1.0 
0.0 1.0 0.0 0.0 62.0 0.0 0.0 0.0 1.0 1.0 1.0 0.0 1.0 0.0 0.0 1.0 1.0 0.0 0.0 1.0 1.0 0.0 0.0 1.0 1.0 0.0 1.0 0.0 1.0 1.0 0.0 0.0 0.0 0.0 1.0 0.0 0.0 1.0 1.0 0.0 0.0 1.0 1.0 0.0 0.0 0.0 1.0 0.0 0.0 0.0 1.0 0.0 0.0 0.0 0.0 1.0 0.0 0.0 1.0 0.0 0.0 0.0 1.0 0.0 1.0 1.0 0.0 0.184 15.0 8.0 15.0 2.0 1.0 0.0 1.0 0.0 6.0 4.0 2.0 5.0 3.0 3.0 1.0 4.0 1.0 11.0 2.0 3.0 8.0 4.0 2.0 7.0 0.0 1.0 1.0 2.0 6.0 0.0 7.0 7.0 4.0 0.0 2.0 0.0 2.0 2.0 0.0 1.0 3.0 1.0 3.0 2.0 0.0 1.0 6.0 2.0 0.0 4.0 2.0 1.0 2.0 1.0 6.0 2.0 0.0 1.0 2.0 0.0 1.0 3.0 1.0 0.0 1.0 3.0 1.0 1.0 3.0 0.0 1.0 3.0 0.0 0.0 2.0 0.0 5.0 0.0 2.0 2.0 0.0 1.0 1.0 6.0 0.0 7.0 1.0 1.0 1.0 0.0 1.0 3.0 0.0 0.0 0.0 2.0 3.0 
1.0 0.0 0.0 0.0 3.0 1.0 0.0 0.0 0.5 0.3 1.0 1814.0 0.0 11.0 1.0 3.0 4.0 4.0 3.0 0.0 1.0 2.0 3.0 3.0 9.0 6.0 4.0 3.0 4.0 2.0 5.0 0.0 0.0 4.0 4.0 1.0 1.0 1.0 4.0 3.0 0.0 0.0 10.0 4.0 46.0 32.0 22.0 
0.0 0.0 1.0 0.0 3.0 1.0 1.0 0.0 4.0 3.1 1.0 2912.0 0.0 2.0 5.0 1.0 5.0 4.0 4.0 3.0 0.0 1.0 3.0 4.0 0.0 4.0 6.0 2.0 12.0 1.0 1.0 2.0 13.0 2.0 6.0 5.0 1.0 0.0 1.0 0.0 4.0 5.0 1.0 2.0 96.0 0.0 4.0 
0.0 0.0 0.0 0.0 62.0 0.0 1.0 0.0 1.0 0.0 1.0 1.0 1.0 0.0 0.0 1.0 1.0 0.0 0.0 1.0 1.0 1.0 0.0 0.0 0.0 1.0 1.0 0.0 0.0 1.0 1.0 0.0 1.0 1.0 1.0 0.0 1.0 1.0 0.0 1.0 0.0 0.0 1.0 0.0 1.0 0.0 1.0 0.0 0.0 0.0 1.0 0.0 1.0 1.0 1.0 1.0 1.0 0.0 1.0 0.0 0.0 1.0 0.0 1.0 0.0 0.0 0.0 0.184 15.0 8.0 15.0 1.0 2.0 4.0 4.0 10.0 8.0 7.0 3.0 2.0 0.0 1.0 5.0 1.0 7.0 0.0 1.0 1.0 10.0 2.0 1.0 1.0 0.0 1.0 2.0 2.0 3.0 1.0 6.0 4.0 2.0 4.0 4.0 1.0 0.0 1.0 0.0 2.0 2.0 2.0 3.0 1.0 0.0 1.0 1.0 1.0 3.0 2.0 9.0 0.0 1.0 1.0 3.0 5.0 0.0 2.0 1.0 2.0 0.0 0.0 2.0 4.0 2.0 0.0 1.0 1.0 2.0 2.0 0.0 0.0 1.0 0.0 1.0 0.0 4.0 0.0 4.0 0.0 0.0 1.0 1.0 1.0 0.0 4.0 2.0 0.0 3.0 4.0 0.0 1.0 1.0 3.0 7.0 2.0 2.0 
0.0 0.0 0.0 0.0 3.0 1.0 1.0 0.0 4.0 3.1 1.0 2912.0 2.0 5.0 2.0 4.0 5.0 3.0 8.0 7.0 1.0 0.0 14.0 6.0 6.0 0.0 1.0 3.0 6.0 1.0 1.0 0.0 1.0 3.0 0.0 2.0 2.0 1.0 1.0 7.0 1.0 1.0 1.0 5.0 43.0 15.0 42.0 
0.0 0.0 0.0 0.0 3.0 1.0 0.0 1.0 0.5 0.3 1.0 1814.0 5.0 2.0 4.0 2.0 2.0 3.0 2.0 1.0 6.0 3.0 7.0 5.0 2.0 1.0 0.0 10.0 1.0 1.0 2.0 1.0 11.0 4.0 2.0 2.0 7.0 0.0 0.0 4.0 0.0 2.0 0.0 8.0 4.0 27.0 69.0 
0.0 0.0 0.0 0.0 3.0 1.0 0.0 1.0 4.0 3.1 1.0 2912.0 1.0 8.0 7.0 3.0 3.0 1.0 0.0 2.0 9.0 4.0 4.0 1.0 3.0 1.0 4.0 9.0 1.0 3.0 1.0 0.0 1.0 4.0 0.0 1.0 2.0 3.0 10.0 0.0 2.0 0.0 11.0 1.0 83.0 5.0 12.0 
0.0 1.0 0.0 0.0 3.0 1.0 0.0 0.0 4.0 3.1 1.0 2912.0 9.0 2.0 5.0 4.0 3.0 2.0 3.0 5.0 3.0 5.0 5.0 2.0 0.0 1.0 0.0 4.0 0.0 2.0 6.0 1.0 3.0 0.0 2.0 10.0 2.0 1.0 1.0 13.0 1.0 0.0 4.0 1.0 26.0 38.0 36.0 
0.0 0.0 1.0 0.0 62.0 1.0 0.0 0.0 1.0 0.0 1.0 1.0 0.0 1.0 1.0 1.0 0.0 1.0 0.0 0.0 1.0 1.0 0.0 0.0 1.0 1.0 0.0 1.0 0.0 0.0 1.0 1.0 0.0 0.0 0.0 1.0 1.0 0.0 0.0 1.0 1.0 0.0 1.0 0.0 1.0 1.0 1.0 0.0 0.0 1.0 0.0 1.0 1.0 0.0 0.0 1.0 1.0 1.0 1.0 0.0 1.0 0.0 0.0 1.0 0.0 1.0 1.0 0.184 15.0 8.0 15.0 3.0 9.0 1.0 0.0 1.0 4.0 2.0 3.0 1.0 4.0 1.0 4.0 4.0 4.0 2.0 0.0 1.0 10.0 0.0 2.0 4.0 4.0 8.0 7.0 1.0 3.0 4.0 0.0 7.0 4.0 1.0 1.0 3.0 0.0 3.0 2.0 3.0 3.0 1.0 0.0 3.0 0.0 1.0 3.0 2.0 0.0 1.0 1.0 1.0 2.0 0.0 0.0 3.0 2.0 0.0 2.0 0.0 5.0 3.0 1.0 0.0 1.0 4.0 4.0 2.0 0.0 1.0 0.0 2.0 5.0 0.0 1.0 7.0 0.0 1.0 2.0 2.0 0.0 1.0 2.0 1.0 0.0 1.0 2.0 2.0 2.0 0.0 1.0 3.0 1.0 1.0 0.0 5.0 1.0 
0.0 1.0 0.0 0.0 62.0 0.0 0.0 0.0 0.0 1.0 1.0 0.0 0.0 0.0 1.0 1.0 0.0 0.0 1.0 0.0 0.0 1.0 0.0 1.0 1.0 0.0 0.0 0.0 1.0 1.0 1.0 1.0 1.0 1.0 0.0 0.0 0.0 0.0 0.0 0.0 0.0 0.0 1.0 1.0 0.0 0.0 1.0 1.0 0.0 0.0 1.0 0.0 0.0 1.0 1.0 0.0 1.0 0.0 1.0 1.0 0.0 1.0 0.0 1.0 0.0 1.0 1.0 0.184 15.0 8.0 15.0 4.0 3.0 8.0 13.0 0.0 1.0 1.0 1.0 3.0 5.0 1.0 0.0 8.0 4.0 4.0 9.0 12.0 2.0 0.0 2.0 1.0 1.0 6.0 1.0 1.0 1.0 2.0 2.0 0.0 0.0 2.0 2.0 0.0 1.0 1.0 1.0 4.0 3.0 0.0 0.0 1.0 4.0 0.0 1.0 2.0 0.0 1.0 0.0 1.0 3.0 4.0 0.0 2.0 4.0 1.0 3.0 4.0 1.0 1.0 2.0 1.0 1.0 1.0 1.0 2.0 4.0 0.0 5.0 0.0 1.0 1.0 2.0 1.0 0.0 1.0 0.0 1.0 0.0 1.0 1.0 4.0 2.0 1.0 2.0 0.0 1.0 2.0 1.0 3.0 6.0 4.0 2.0 2.0 1.0 
0.0 0.0 1.0 0.0 62.0 1.0 1.0 0.0 1.0 1.0 1.0 1.0 1.0 0.0 0.0 0.0 1.0 1.0 0.0 0.0 1.0 1.0 1.0 0.0 1.0 1.0 1.0 1.0 1.0 1.0 0.0 1.0 0.0 0.0 1.0 1.0 0.0 0.0 1.0 1.0 1.0 1.0 0.0 0.0 0.0 1.0 1.0 1.0 0.0 0.0 1.0 1.0 1.0 0.0 1.0 1.0 0.0 1.0 1.0 0.0 1.0 0.0 1.0 0.0 1.0 1.0 1.0 0.184 15.0 8.0 15.0 6.0 0.0 1.0 3.0 1.0 0.0 1.0 1.0 3.0 6.0 4.0 13.0 1.0 1.0 2.0 1.0 4.0 22.0 1.0 1.0 0.0 3.0 4.0 6.0 3.0 0.0 1.0 0.0 1.0 1.0 3.0 6.0 2.0 1.0 4.0 2.0 0.0 1.0 3.0 0.0 3.0 0.0 1.0 1.0 0.0 3.0 3.0 2.0 2.0 0.0 0.0 8.0 0.0 1.0 2.0 2.0 0.0 4.0 0.0 0.0 0.0 2.0 0.0 1.0 1.0 2.0 4.0 0.0 1.0 3.0 2.0 5.0 0.0 2.0 0.0 0.0 1.0 1.0 2.0 0.0 2.0 2.0 2.0 0.0 1.0 1.0 0.0 1.0 6.0 1.0 0.0 8.0 3.0 1.0 
0.0 1.0 0.0 0.0 62.0 1.0 1.0 1.0 1.0 0.0 0.0 0.0 0.0 0.0 0.0 1.0 1.0 1.0 1.0 0.0 1.0 1.0 1.0 1.0 0.0 1.0 1.0 1.0 0.0 0.0 1.0 0.0 1.0 0.0 1.0 1.0 1.0 0.0 1.0 0.0 1.0 1.0 1.0 1.0 0.0 1.0 0.0 1.0 1.0 0.0 0.0 1.0 1.0 0.0 0.0 0.0 1.0 1.0 0.0 0.0 0.0 0.0 1.0 0.0 1.0 1.0 1.0 0.184 15.0 8.0 15.0 2.0 16.0 1.0 0.0 10.0 2.0 2.0 1.0 2.0 2.0 10.0 2.0 1.0 0.0 0.0 3.0 4.0 4.0 7.0 0.0 4.0 1.0 1.0 4.0 4.0 0.0 2.0 1.0 5.0 1.0 7.0 1.0 0.0 4.0 6.0 2.0 1.0 3.0 2.0 2.0 2.0 2.0 1.0 3.0 2.0 1.0 1.0 1.0 1.0 0.0 1.0 0.0 7.0 1.0 3.0 2.0 0.0 0.0 1.0 6.0 2.0 1.0 2.0 4.0 2.0 0.0 1.0 1.0 0.0 1.0 0.0 0.0 2.0 1.0 0.0 2.0 0.0 0.0 2.0 1.0 0.0 1.0 0.0 0.0 1.0 1.0 1.0 7.0 2.0 0.0 6.0 1.0 2.0 1.0 
0.0 1.0 0.0 0.0 62.0 0.0 1.0 0.0 0.0 1.0 1.0 0.0 0.0 0.0 1.0 1.0 1.0 0.0 0.0 1.0 1.0 1.0 0.0 0.0 1.0 0.0 1.0 0.0 0.0 1.0 1.0 1.0 1.0 1.0 0.0 0.0 1.0 0.0 1.0 1.0 0.0 0.0 1.0 1.0 0.0 0.0 0.0 1.0 1.0 1.0 0.0 0.0 1.0 1.0 0.0 1.0 1.0 0.0 0.0 1.0 0.0 1.0 0.0 1.0 1.0 1.0 1.0 0.184 15.0 8.0 15.0 0.0 5.0 6.0 1.0 1.0 1.0 4.0 7.0 11.0 6.0 1.0 3.0 0.0 0.0 4.0 1.0 0.0 3.0 0.0 3.0 11.0 2.0 2.0 7.0 6.0 0.0 5.0 1.0 2.0 5.0 0.0 2.0 1.0 0.0 0.0 1.0 1.0 1.0 2.0 1.0 5.0 1.0 0.0 2.0 2.0 1.0 2.0 0.0 2.0 8.0 0.0 1.0 0.0 1.0 2.0 1.0 1.0 1.0 0.0 3.0 1.0 2.0 1.0 0.0 1.0 2.0 1.0 1.0 3.0 0.0 1.0 5.0 1.0 1.0 1.0 1.0 1.0 0.0 2.0 2.0 6.0 1.0 2.0 2.0 0.0 2.0 1.0 3.0 2.0 4.0 0.0 2.0 3.0 5.0 
0.0 0.0 1.0 0.0 3.0 0.0 0.0 1.0 4.0 3.1 1.0 2912.0 1.0 1.0 0.0 4.0 0.0 4.0 2.0 1.0 1.0 6.0 6.0 3.0 4.0 2.0 0.0 1.0 5.0 2.0 6.0 1.0 3.0 5.0 16.0 0.0 1.0 3.0 3.0 2.0 0.0 6.0 7.0 4.0 63.0 33.0 4.0 
1.0 0.0 0.0 0.0 3.0 1.0 1.0 1.0 0.5 0.3 1.0 1814.0 1.0 7.0 7.0 1.0 1.0 1.0 2.0 4.0 2.0 1.0 6.0 2.0 0.0 4.0 4.0 2.0 9.0 4.0 2.0 6.0 4.0 0.0 3.0 3.0 0.0 9.0 1.0 1.0 6.0 1.0 2.0 4.0 21.0 28.0 51.0 
0.0 0.0 1.0 0.0 3.0 1.0 0.0 0.0 0.5 0.3 1.0 1814.0 3.0 2.0 3.0 4.0 4.0 5.0 7.0 2.0 5.0 8.0 1.0 1.0 13.0 5.0 3.0 2.0 0.0 2.0 6.0 0.0 6.0 0.0 1.0 0.0 2.0 2.0 1.0 2.0 5.0 3.0 0.0 2.0 42.0 35.0 23.0 
0.0 0.0 1.0 0.0 62.0 1.0 0.0 1.0 1.0 1.0 0.0 0.0 1.0 0.0 0.0 1.0 1.0 1.0 0.0 0.0 0.0 0.0 0.0 0.0 0.0 0.0 0.0 1.0 1.0 0.0 0.0 0.0 1.0 1.0 1.0 1.0 0.0 0.0 0.0 0.0 1.0 1.0 1.0 0.0 0.0 1.0 1.0 1.0 0.0 0.0 0.0 1.0 0.0 1.0 0.0 1.0 0.0 1.0 1.0 1.0 1.0 0.0 1.0 0.0 0.0 1.0 0.0 0.184 15.0 8.0 15.0 1.0 0.0 2.0 0.0 1.0 4.0 3.0 2.0 12.0 1.0 0.0 1.0 1.0 2.0 0.0 2.0 8.0 1.0 0.0 9.0 0.0 1.0 6.0 8.0 6.0 1.0 5.0 3.0 2.0 0.0 14.0 4.0 0.0 2.0 1.0 1.0 0.0 0.0 4.0 3.0 5.0 5.0 0.0 0.0 2.0 1.0 0.0 0.0 1.0 0.0 1.0 1.0 0.0 1.0 0.0 1.0 1.0 0.0 1.0 3.0 4.0 1.0 0.0 5.0 12.0 1.0 1.0 2.0 0.0 0.0 1.0 1.0 2.0 4.0 0.0 1.0 1.0 3.0 0.0 1.0 1.0 0.0 2.0 3.0 2.0 1.0 1.0 4.0 4.0 0.0 2.0 5.0 0.0 1.0 
1.0 0.0 0.0 0.0 3.0 0.0 0.0 1.0 0.5 0.3 1.0 1814.0 4.0 2.0 4.0 8.0 2.0 4.0 2.0 5.0 3.0 1.0 1.0 1.0 5.0 1.0 0.0 2.0 4.0 1.0 1.0 0.0 0.0 3.0 7.0 1.0 2.0 2.0 7.0 2.0 3.0 1.0 1.0 20.0 6.0 67.0 27.0 
0.0 0.0 1.0 0.0 62.0 0.0 1.0 0.0 0.0 0.0 0.0 0.0 1.0 1.0 0.0 1.0 1.0 0.0 1.0 1.0 1.0 0.0 0.0 1.0 1.0 0.0 0.0 0.0 0.0 1.0 0.0 1.0 0.0 1.0 0.0 0.0 1.0 1.0 0.0 1.0 0.0 0.0 1.0 1.0 0.0 0.0 0.0 0.0 1.0 0.0 1.0 0.0 1.0 1.0 1.0 1.0 0.0 0.0 1.0 1.0 0.0 1.0 1.0 0.0 0.0 0.0 1.0 0.184 15.0 8.0 15.0 5.0 2.0 3.0 5.0 2.0 0.0 1.0 3.0 6.0 8.0 1.0 5.0 0.0 1.0 1.0 0.0 10.0 3.0 0.0 0.0 4.0 0.0 3.0 4.0 8.0 4.0 3.0 4.0 8.0 0.0 5.0 1.0 6.0 2.0 3.0 4.0 1.0 1.0 4.0 0.0 2.0 0.0 2.0 2.0 1.0 2.0 10.0 2.0 0.0 2.0 5.0 1.0 0.0 1.0 2.0 4.0 2.0 1.0 2.0 1.0 1.0 0.0 2.0 1.0 0.0 1.0 0.0 2.0 2.0 0.0 1.0 2.0 0.0 1.0 2.0 2.0 0.0 2.0 0.0 2.0 3.0 0.0 2.0 0.0 0.0 2.0 2.0 1.0 0.0 0.0 1.0 0.0 1.0 4.0 
0.0 1.0 0.0 0.0 3.0 0.0 0.0 1.0 0.5 0.3 1.0 1814.0 7.0 0.0 1.0 1.0 0.0 3.0 6.0 0.0 4.0 10.0 11.0 2.0 1.0 3.0 1.0 2.0 2.0 3.0 2.0 2.0 3.0 4.0 1.0 0.0 1.0 9.0 3.0 10.0 4.0 1.0 0.0 3.0 57.0 31.0 12.0 
1.0 0.0 0.0 0.0 62.0 0.0 0.0 0.0 0.0 0.0 1.0 0.0 0.0 0.0 1.0 0.0 1.0 0.0 0.0 0.0 0.0 0.0 1.0 0.0 1.0 0.0 0.0 0.0 1.0 1.0 0.0 1.0 0.0 1.0 1.0 0.0 1.0 0.0 1.0 0.0 0.0 1.0 0.0 1.0 1.0 0.0 1.0 0.0 1.0 0.0 0.0 0.0 0.0 1.0 1.0 0.0 1.0 0.0 1.0 0.0 1.0 1.0 1.0 1.0 1.0 1.0 1.0 0.184 15.0 8.0 15.0 2.0 0.0 3.0 1.0 10.0 8.0 2.0 4.0 0.0 1.0 12.0 4.0 0.0 1.0 5.0 6.0 3.0 1.0 2.0 2.0 0.0 3.0 6.0 2.0 1.0 0.0 3.0 2.0 0.0 8.0 1.0 7.0 0.0 3.0 2.0 1.0 1.0 11.0 7.0 0.0 4.0 2.0 1.0 1.0 0.0 1.0 1.0 1.0 0.0 1.0 1.0 2.0 0.0 3.0 0.0 3.0 2.0 5.0 1.0 4.0 1.0 2.0 0.0 0.0 3.0 1.0 6.0 0.0 3.0 1.0 5.0 0.0 1.0 0.0 0.0 1.0 1.0 1.0 0.0 1.0 0.0 1.0 1.0 0.0 0.0 2.0 1.0 0.0 2.0 1.0 0.0 5.0 1.0 1.0 
0.0 0.0 0.0 1.0 62.0 0.0 0.0 0.0 1.0 1.0 1.0 0.0 1.0 0.0 1.0 1.0 0.0 0.0 1.0 1.0 1.0 0.0 0.0 0.0 1.0 1.0 1.0 0.0 1.0 0.0 0.0 0.0 1.0 0.0 1.0 0.0 1.0 1.0 1.0 0.0 0.0 1.0 0.0 1.0 1.0 0.0 0.0 1.0 0.0 0.0 0.0 0.0 0.0 1.0 1.0 1.0 1.0 0.0 1.0 1.0 1.0 0.0 1.0 1.0 0.0 1.0 0.0 0.184 15.0 8.0 15.0 0.0 7.0 3.0 5.0 2.0 9.0 2.0 2.0 1.0 4.0 5.0 6.0 2.0 0.0 3.0 1.0 2.0 1.0 1.0 5.0 6.0 2.0 6.0 6.0 0.0 2.0 3.0 1.0 4.0 1.0 5.0 3.0 1.0 0.0 1.0 3.0 1.0 5.0 2.0 1.0 0.0 4.0 2.0 2.0 0.0 1.0 4.0 2.0 0.0 2.0 1.0 0.0 1.0 6.0 0.0 1.0 5.0 3.0 2.0 2.0 1.0 1.0 3.0 1.0 0.0 1.0 0.0 1.0 1.0 2.0 1.0 1.0 2.0 1.0 2.0 0.0 3.0 0.0 1.0 0.0 8.0 2.0 3.0 1.0 1.0 0.0 2.0 1.0 1.0 1.0 2.0 0.0 3.0 1.0 
0.0 0.0 1.0 0.0 3.0 0.0 0.0 1.0 0.5 0.3 1.0 1814.0 4.0 1.0 1.0 2.0 1.0 2.0 1.0 1.0 0.0 3.0 1.0 2.0 3.0 6.0 4.0 0.0 2.0 4.0 4.0 11.0 11.0 15.0 5.0 1.0 1.0 10.0 1.0 1.0 0.0 0.0 1.0 1.0 55.0 34.0 11.0 
1.0 0.0 0.0 0.0 3.0 0.0 1.0 0.0 4.0 3.1 1.0 2912.0 9.0 2.0 7.0 2.0 0.0 0.0 1.0 3.0 4.0 4.0 10.0 2.0 3.0 11.0 3.0 1.0 0.0 4.0 2.0 0.0 2.0 15.0 1.0 1.0 1.0 3.0 0.0 2.0 1.0 0.0 1.0 5.0 30.0 36.0 34.0 
0.0 1.0 0.0 0.0 62.0 1.0 1.0 0.0 1.0 1.0 1.0 0.0 0.0 1.0 1.0 0.0 0.0 1.0 1.0 0.0 1.0 1.0 0.0 1.0 1.0 1.0 1.0 1.0 1.0 0.0 0.0 0.0 1.0 0.0 1.0 1.0 1.0 1.0 1.0 1.0 1.0 0.0 1.0 0.0 1.0 1.0 0.0 1.0 1.0 1.0 1.0 1.0 1.0 0.0 0.0 0.0 1.0 1.0 1.0 1.0 1.0 0.0 1.0 0.0 0.0 1.0 1.0 0.184 15.0 8.0 15.0 0.0 1.0 2.0 5.0 3.0 1.0 2.0 1.0 0.0 7.0 1.0 7.0 1.0 1.0 2.0 2.0 16.0 2.0 2.0 4.0 2.0 7.0 1.0 1.0 2.0 1.0 11.0 0.0 4.0 0.0 10.0 1.0 3.0 1.0 1.0 1.0 0.0 3.0 3.0 2.0 0.0 0.0 0.0 0.0 7.0 1.0 2.0 8.0 6.0 4.0 1.0 2.0 3.0 1.0 3.0 3.0 1.0 1.0 0.0 4.0 1.0 1.0 0.0 1.0 2.0 0.0 1.0 1.0 2.0 0.0 5.0 2.0 0.0 1.0 0.0 0.0 4.0 1.0 0.0 1.0 1.0 0.0 3.0 2.0 0.0 0.0 2.0 0.0 2.0 1.0 3.0 0.0 1.0 1.0 
